trip_id,route_id,service_id,trip_headsign,block_id,shape_id
493,20,1,Inbound,1301,78
835,19,2,Inbound,7481,82
277,8,1,Outbound,2611,25
745,8,2,Outbound,8601,7
512,24,1,Outbound,1532,101
744,8,2,Outbound,7511,7
436,14,1,Inbound,1171,8
270,8,1,Outbound,1181,15
153,4,1,Inbound,2641,51
109,4,1,Outbound,1081,36
1985,56,1,Outbound,3021,175
758,8,2,Inbound,7381,109
819,19,2,Outbound,7481,2
663,2,2,Inbound,7231,37
329,9,1,Outbound,1011,44
882,1,2,Inbound,8611,40
80,2,1,Outbound,1542,43
740,8,2,Outbound,7431,7
841,9,2,Outbound,7401,44
283,8,1,Outbound,1512,24
903,23,1,Inbound,1481,39
340,9,1,Inbound,1051,1
875,1,2,Inbound,7501,40
435,14,1,Inbound,1041,8
1821,48,1,Outbound,1452,10
1789,48,1,Outbound,1461,10
832,32,2,Outbound,7481,12
838,9,2,Inbound,7251,1
735,8,2,Outbound,7421,7
748,8,2,Outbound,7211,7
424,14,1,Outbound,1141,0
721,6,2,Inbound,7541,142
892,23,1,Outbound,1141,152
84,2,1,Inbound,1211,38
804,11,2,Inbound,7531,68
432,14,1,Outbound,2662,0
913,16,1,Inbound,2621,169
761,8,2,Inbound,7441,109
226,6,1,Inbound,1442,179
633,4,2,Outbound,7211,36
723,6,2,Inbound,7481,142
465,18,1,Outbound,2611,47
589,29,1,Outbound,4031,94
918,43,6,Outbound,5011,166
828,32,2,Outbound,7171,12
180,5,1,Inbound,1151,22
588,29,1,Outbound,4041,16
31,1,1,Inbound,1191,40
120,4,1,Outbound,1081,36
730,6,2,Inbound,8291,142
887,39,1,Inbound,1311,111
86,2,1,Inbound,1231,37
410,13,1,Inbound,3061,83
777,13,2,Outbound,8381,81
8,1,1,Outbound,1161,45
400,13,1,Outbound,1151,81
487,19,1,Inbound,1462,82
416,13,1,Inbound,2641,125
160,5,1,Outbound,1021,150
751,8,2,Outbound,8552,7
1760,11,1,Outbound,1201,69
860,1,2,Outbound,7221,45
919,43,6,Outbound,5011,165
141,4,1,Inbound,1241,51
539,25,1,Outbound,4091,160
845,9,2,Outbound,8381,44
672,4,2,Inbound,7211,51
614,32,1,Inbound,4121,95
404,13,1,Outbound,1362,80
335,9,1,Outbound,1271,44
438,14,1,Inbound,2591,8
1989,56,1,Inbound,2601,174
673,4,2,Inbound,6041,51
131,4,1,Outbound,1442,36
255,7,1,Inbound,1111,96
475,19,1,Outbound,1131,2
29,1,1,Inbound,1171,40
51,1,1,Inbound,4111,40
582,55,1,Inbound,1361,93
259,7,1,Inbound,4071,140
809,55,2,Inbound,7501,3
775,13,2,Outbound,7481,81
657,4,2,Outbound,7441,36
235,7,1,Outbound,1391,60
510,24,1,Outbound,1372,100
572,26,1,Inbound,2561,137
626,32,1,Outbound,1362,105
784,13,2,Inbound,7481,125
617,32,1,Outbound,1411,67
762,8,2,Inbound,7151,109
945,53,2,Inbound,6071,71
527,25,1,Outbound,1451,28
502,22,1,Inbound,1451,146
638,2,2,Outbound,7401,43
928,2,1,Outbound,2641,43
624,32,1,Outbound,1472,12
11,1,1,Outbound,1101,45
156,4,1,Inbound,1452,51
516,24,1,Inbound,1521,103
47,1,1,Inbound,1542,40
484,19,1,Inbound,1121,82
695,14,2,Outbound,7171,0
559,26,1,Outbound,1342,52
201,6,1,Outbound,1031,19
840,9,2,Inbound,7221,1
856,1,2,Outbound,7171,45
105,2,1,Inbound,2651,38
747,8,2,Outbound,8611,7
18,1,1,Outbound,1542,45
781,11,2,Outbound,8271,69
55,2,1,Outbound,1211,118
318,8,1,Inbound,1512,131
806,55,2,Inbound,7431,3
592,29,1,Inbound,1481,18
876,1,2,Inbound,7221,40
312,8,1,Inbound,1522,109
174,5,1,Outbound,1372,91
267,8,1,Outbound,1081,15
920,43,6,Inbound,5011,126
907,23,1,Inbound,1432,42
1811,48,1,Outbound,1312,6
441,14,1,Inbound,2551,8
193,5,1,Inbound,4111,22
45,1,1,Inbound,1492,40
437,14,1,Inbound,1231,8
571,26,1,Inbound,1312,26
91,2,1,Inbound,1031,37
583,55,1,Inbound,1321,93
268,8,1,Outbound,1111,15
718,14,2,Inbound,6081,8
240,7,1,Outbound,1221,58
578,55,1,Outbound,1321,135
315,8,1,Inbound,4021,131
106,2,1,Inbound,2671,37
790,55,2,Outbound,7511,90
20,1,1,Outbound,4101,45
800,11,2,Inbound,8271,68
764,8,2,Inbound,7431,109
850,18,2,Inbound,8601,46
1025,27,1,Outbound,1281,170
1795,48,1,Outbound,1161,10
164,5,1,Outbound,1061,107
480,19,1,Outbound,4161,183
184,5,1,Inbound,1531,4
351,9,1,Inbound,2581,1
241,7,1,Outbound,1061,58
648,4,2,Outbound,7231,36
821,32,2,Inbound,7171,64
631,36,1,Inbound,2671,148
413,13,1,Inbound,1171,125
817,19,2,Outbound,7251,2
1783,48,1,Outbound,1181,10
933,53,1,Outbound,1321,72
523,24,1,Inbound,1532,31
169,5,1,Outbound,1422,107
886,39,1,Outbound,1412,112
199,6,1,Outbound,1491,19
344,9,1,Inbound,1011,1
137,4,1,Inbound,1081,51
147,4,1,Inbound,1231,51
434,14,1,Inbound,1141,8
736,8,2,Outbound,7381,7
1785,48,1,Outbound,1101,10
337,9,1,Outbound,1352,44
145,4,1,Inbound,1191,51
682,6,2,Outbound,7541,74
551,25,1,Inbound,4201,56
750,8,2,Outbound,8601,7
94,2,1,Inbound,1111,37
537,25,1,Outbound,4221,160
634,2,2,Outbound,7511,43
182,5,1,Inbound,1091,22
308,8,1,Inbound,1141,109
851,18,2,Inbound,8611,46
28,1,1,Inbound,1081,40
554,26,1,Outbound,1121,52
640,2,2,Outbound,7231,43
864,1,2,Outbound,8551,45
49,1,1,Inbound,4101,40
683,6,2,Outbound,7481,74
118,4,1,Outbound,1081,36
593,29,1,Inbound,1421,17
825,32,2,Inbound,7511,64
615,32,1,Inbound,1362,64
650,4,2,Outbound,7541,36
573,27,1,Inbound,1301,136
515,24,1,Inbound,1391,102
377,11,1,Inbound,1251,68
704,14,2,Outbound,8271,0
1762,11,1,Outbound,2662,69
574,27,1,Inbound,1121,139
349,9,1,Inbound,1492,1
888,4,1,Outbound,1251,36
1763,11,1,Inbound,1201,68
778,11,2,Outbound,7401,69
922,45,1,Outbound,1091,128
843,9,2,Outbound,7221,44
209,6,1,Outbound,2641,117
366,11,1,Outbound,1151,69
375,11,1,Inbound,1331,68
873,1,2,Inbound,7441,40
770,8,2,Inbound,8611,109
553,25,1,Inbound,4011,57
879,1,2,Inbound,7431,40
564,26,1,Inbound,1371,177
731,6,2,Inbound,8611,142
1800,48,1,Inbound,1531,9
766,8,2,Inbound,7421,109
625,32,1,Outbound,4121,106
866,1,2,Outbound,8611,45
927,45,1,Inbound,1101,129
902,23,1,Inbound,1441,39
365,11,1,Outbound,1121,69
152,4,1,Inbound,2581,51
204,6,1,Outbound,1031,117
195,5,1,Inbound,1422,4
504,22,1,Outbound,1432,144
794,5,2,Outbound,7251,89
129,4,1,Outbound,1261,36
401,13,1,Outbound,1271,81
1792,48,1,Inbound,1181,9
224,6,1,Inbound,2561,61
1997,54,1,Inbound,4091,49
597,55,1,Outbound,2571,20
1799,48,1,Outbound,1531,6
397,13,1,Outbound,1111,80
1026,26,1,Inbound,2641,137
733,8,2,Outbound,7401,7
448,16,1,Outbound,1492,32
246,7,1,Outbound,4051,58
428,14,1,Outbound,2591,0
788,55,2,Outbound,7431,90
144,4,1,Inbound,1081,51
36,1,1,Inbound,1421,40
39,1,1,Inbound,1011,40
1824,48,1,Inbound,1542,9
596,55,1,Outbound,1191,20
370,11,1,Outbound,1342,69
639,2,2,Outbound,7501,43
177,5,1,Inbound,1021,22
280,8,1,Outbound,4021,24
499,21,1,Outbound,4161,130
981,7,1,Outbound,1221,58
1820,48,1,Inbound,1261,9
495,20,1,Inbound,1281,76
482,19,1,Inbound,1141,82
426,14,1,Outbound,1171,0
627,32,1,Outbound,1291,105
651,4,2,Outbound,7211,36
503,22,1,Outbound,4011,144
1784,48,1,Inbound,1181,9
898,23,1,Outbound,4181,154
834,19,2,Inbound,7401,82
361,11,1,Outbound,1331,69
297,8,1,Inbound,1401,13
489,19,1,Inbound,1271,82
52,1,1,Inbound,2631,40
622,32,1,Outbound,1231,104
10,1,1,Outbound,1441,45
1765,11,1,Inbound,2662,68
183,5,1,Inbound,1411,23
123,4,1,Outbound,1271,36
722,6,2,Inbound,7541,142
281,8,1,Outbound,4171,15
13,1,1,Outbound,1041,45
172,5,1,Outbound,4081,91
205,6,1,Outbound,1241,108
378,11,1,Inbound,1301,68
511,24,1,Outbound,2631,99
697,14,2,Outbound,7481,0
245,7,1,Outbound,1352,58
618,32,1,Outbound,1311,63
863,1,2,Outbound,7431,45
194,5,1,Inbound,4081,4
101,2,1,Inbound,2651,38
1982,18,1,Inbound,2611,46
369,11,1,Outbound,1412,69
469,18,1,Inbound,2561,46
831,32,2,Outbound,7511,12
607,32,1,Inbound,1411,181
429,14,1,Outbound,2661,0
248,7,1,Outbound,2651,58
934,53,1,Outbound,1041,73
877,1,2,Inbound,7541,40
872,1,2,Inbound,7171,40
660,2,2,Inbound,7211,37
173,5,1,Outbound,1422,91
48,1,1,Inbound,2611,40
534,25,1,Outbound,1392,161
517,24,1,Inbound,3071,102
176,5,1,Outbound,4231,107
570,26,1,Inbound,1342,26
700,14,2,Outbound,6091,0
853,1,2,Outbound,7381,45
286,8,1,Outbound,2591,15
535,25,1,Outbound,4131,160
734,8,2,Outbound,7151,7
900,23,1,Inbound,3041,149
288,8,1,Outbound,2631,15
944,53,2,Inbound,7171,70
69,2,1,Outbound,1502,118
40,1,1,Inbound,1101,40
473,19,1,Outbound,1241,2
68,2,1,Outbound,1261,43
623,32,1,Outbound,1101,12
323,8,1,Inbound,2672,109
207,6,1,Outbound,1291,19
996,7,1,Inbound,2611,124
239,7,1,Outbound,1461,58
522,24,1,Inbound,1372,30
348,9,1,Inbound,1442,5
742,8,2,Outbound,7421,7
599,55,1,Outbound,4231,110
943,53,2,Outbound,8611,73
678,4,2,Inbound,7541,51
791,55,2,Outbound,7501,90
319,8,1,Inbound,2611,109
881,1,2,Inbound,8551,40
992,6,1,Outbound,1442,19
1778,2,1,Inbound,1051,88
645,2,2,Outbound,8291,43
393,13,1,Outbound,3071,87
884,32,1,Inbound,4101,114
692,4,2,Inbound,7231,51
148,4,1,Inbound,1332,51
44,1,1,Inbound,1352,40
398,13,1,Outbound,1301,81
710,14,2,Inbound,7151,8
1796,48,1,Inbound,1161,9
35,1,1,Inbound,1181,40
689,6,2,Outbound,8291,74
179,5,1,Inbound,1071,22
661,2,2,Inbound,7431,37
906,23,1,Inbound,1221,41
92,2,1,Inbound,1161,37
427,14,1,Outbound,1231,0
507,24,1,Outbound,1041,178
548,25,1,Inbound,1271,123
698,14,2,Outbound,7151,0
243,7,1,Outbound,1332,58
552,25,1,Inbound,4221,57
914,29,1,Outbound,1421,167
799,11,2,Inbound,7481,68
706,14,2,Outbound,6081,0
136,4,1,Inbound,3091,51
1819,48,1,Outbound,1261,10
374,11,1,Inbound,1461,68
687,6,2,Outbound,7231,74
637,2,2,Outbound,7431,43
557,26,1,Outbound,1071,54
167,5,1,Outbound,1322,107
497,21,1,Inbound,1011,127
1791,48,1,Outbound,1181,10
142,4,1,Inbound,1021,51
561,26,1,Outbound,1392,116
19,1,1,Outbound,2611,45
332,9,1,Outbound,2571,44
135,4,1,Inbound,1081,51
677,4,2,Inbound,8611,51
837,9,2,Inbound,7271,1
823,32,2,Inbound,7171,64
15,1,1,Outbound,1352,45
693,4,2,Inbound,7271,51
643,2,2,Outbound,6051,43
343,9,1,Inbound,1181,1
60,2,1,Outbound,1191,43
609,32,1,Inbound,1021,66
870,1,2,Inbound,7421,40
196,5,1,Inbound,4231,4
1816,48,1,Inbound,2661,9
143,4,1,Inbound,1111,51
168,5,1,Outbound,1261,107
550,25,1,Inbound,4131,57
780,11,2,Outbound,7481,69
680,4,2,Inbound,7531,51
26,1,1,Outbound,2641,45
27,1,1,Outbound,2571,45
566,26,1,Inbound,1351,156
1822,48,1,Inbound,1452,9
486,19,1,Inbound,1201,82
253,7,1,Inbound,1221,96
630,36,1,Outbound,3081,147
97,2,1,Inbound,1502,38
1992,54,1,Outbound,1251,48
407,13,1,Outbound,4051,79
279,8,1,Outbound,1512,15
285,8,1,Outbound,2611,15
772,8,2,Inbound,8601,109
431,14,1,Outbound,2551,0
620,32,1,Outbound,1021,105
476,19,1,Outbound,1201,2
330,9,1,Outbound,1251,44
314,8,1,Inbound,1512,109
567,26,1,Inbound,1151,119
1827,11,1,Outbound,1461,69
170,5,1,Outbound,1472,91
1815,48,1,Outbound,2661,10
158,4,1,Inbound,4141,51
665,2,2,Inbound,7531,37
1776,26,1,Outbound,1482,53
532,25,1,Outbound,1091,162
445,16,1,Inbound,1341,35
252,7,1,Inbound,1221,96
161,5,1,Outbound,1091,150
64,2,1,Outbound,1161,43
647,4,2,Outbound,7511,36
107,2,1,Inbound,2661,38
619,32,1,Outbound,1531,12
676,4,2,Inbound,7211,51
549,25,1,Inbound,1392,56
1984,27,1,Outbound,2561,170
757,8,2,Inbound,7421,109
41,1,1,Inbound,1201,40
649,4,2,Outbound,7381,36
162,5,1,Outbound,1411,150
613,32,1,Inbound,1472,65
345,9,1,Inbound,1251,1
871,1,2,Inbound,7431,40
836,9,2,Inbound,7401,1
765,8,2,Inbound,7251,109
2,1,1,Outbound,1101,45
275,8,1,Outbound,1522,15
485,19,1,Inbound,1131,82
317,8,1,Inbound,1522,131
994,6,1,Inbound,2641,61
439,14,1,Inbound,2661,8
325,9,1,Outbound,1051,44
926,45,1,Inbound,1091,129
598,55,1,Outbound,4211,20
862,1,2,Outbound,7151,45
93,2,1,Inbound,1021,38
814,5,2,Inbound,6051,4
531,25,1,Outbound,1491,163
932,19,2,Inbound,7501,82
202,6,1,Outbound,1121,108
1995,54,1,Inbound,1501,49
868,1,2,Outbound,6011,45
77,2,1,Outbound,2671,43
403,13,1,Outbound,1201,80
265,8,1,Outbound,1071,159
869,1,2,Inbound,7381,40
67,2,1,Outbound,1071,43
83,2,1,Inbound,1471,38
833,19,2,Inbound,7251,82
166,5,1,Outbound,1161,107
803,11,2,Inbound,8271,68
901,23,1,Inbound,1041,149
227,6,1,Inbound,4061,120
636,2,2,Outbound,7531,43
830,32,2,Outbound,7251,12
726,6,2,Inbound,7231,142
331,9,1,Outbound,1091,44
211,6,1,Outbound,2611,117
262,7,1,Inbound,2651,96
271,8,1,Outbound,1141,15
261,7,1,Inbound,1261,96
21,1,1,Outbound,2611,45
187,5,1,Inbound,1161,4
409,13,1,Inbound,3071,83
669,2,2,Inbound,7531,37
985,5,1,Inbound,2571,4
602,55,1,Inbound,2571,141
530,25,1,Outbound,1101,163
541,25,1,Inbound,3101,121
417,13,1,Inbound,1201,125
696,14,2,Outbound,7431,0
130,4,1,Outbound,1452,36
936,53,1,Outbound,1462,73
681,6,2,Outbound,7541,74
447,16,1,Outbound,2621,33
839,9,2,Inbound,8381,1
57,2,1,Outbound,3051,43
714,14,2,Inbound,8601,8
471,18,1,Inbound,2672,46
798,11,2,Inbound,7231,68
477,19,1,Outbound,1462,2
787,55,2,Outbound,7221,90
178,5,1,Inbound,1091,22
216,6,1,Inbound,1121,120
125,4,1,Outbound,1452,36
664,2,2,Inbound,8551,37
214,6,1,Inbound,1031,61
208,6,1,Outbound,4061,108
538,25,1,Outbound,4011,160
320,8,1,Inbound,2591,109
98,2,1,Inbound,2551,37
244,7,1,Outbound,2561,58
87,2,1,Inbound,1211,38
62,2,1,Outbound,1211,43
339,9,1,Inbound,1171,1
188,5,1,Inbound,1322,4
16,1,1,Outbound,1352,45
1996,54,1,Inbound,1201,49
1987,56,1,Inbound,1331,174
855,1,2,Outbound,7431,45
282,8,1,Outbound,1522,24
1803,48,1,Outbound,1221,6
521,24,1,Inbound,2631,29
846,18,2,Outbound,8601,47
206,6,1,Outbound,2561,117
929,1,1,Inbound,1511,40
632,2,2,Outbound,7381,43
112,4,1,Outbound,1301,36
89,2,1,Inbound,1231,38
220,6,1,Inbound,1131,85
715,14,2,Inbound,6011,8
34,1,1,Inbound,1352,40
326,9,1,Outbound,1221,44
565,26,1,Inbound,1431,156
844,9,2,Outbound,7251,44
703,14,2,Outbound,6011,0
885,32,1,Inbound,1382,113
442,14,1,Inbound,2662,8
287,8,1,Outbound,2551,15
73,2,1,Outbound,2651,118
134,4,1,Inbound,3031,51
894,23,1,Outbound,1221,153
53,1,1,Inbound,2641,40
760,8,2,Inbound,7211,109
100,2,1,Inbound,1281,37
412,13,1,Inbound,1301,97
646,4,2,Outbound,6041,36
891,23,1,Outbound,1481,152
842,9,2,Outbound,7271,44
151,4,1,Inbound,1452,51
616,32,1,Inbound,1291,64
269,8,1,Outbound,1051,24
685,6,2,Outbound,7531,74
406,13,1,Outbound,4191,79
577,55,1,Outbound,1231,135
859,1,2,Outbound,7501,45
50,1,1,Inbound,2611,40
694,4,2,Inbound,7501,51
820,19,2,Outbound,6061,86
848,18,2,Outbound,8601,47
65,2,1,Outbound,1021,118
1886,11,1,Outbound,2601,69
114,4,1,Outbound,1061,36
290,8,1,Outbound,2672,15
139,4,1,Inbound,1241,51
33,1,1,Inbound,1031,40
367,11,1,Outbound,2651,69
652,4,2,Outbound,7501,36
419,13,1,Inbound,1502,97
684,6,2,Outbound,7291,74
759,8,2,Inbound,7221,109
506,24,1,Outbound,1521,143
264,8,1,Outbound,1541,159
923,45,1,Outbound,1381,128
127,4,1,Outbound,2641,36
754,8,2,Inbound,7211,109
225,6,1,Inbound,1291,85
995,5,1,Outbound,1071,107
654,4,2,Outbound,7541,36
304,8,1,Inbound,1071,13
1777,26,1,Inbound,1312,156
346,9,1,Inbound,1091,1
81,2,1,Inbound,1111,88
322,8,1,Inbound,2631,109
289,8,1,Outbound,2621,15
76,2,1,Outbound,2651,118
157,4,1,Inbound,1442,51
805,55,2,Inbound,7221,3
71,2,1,Outbound,1281,43
425,14,1,Outbound,1041,0
1807,48,1,Outbound,1081,6
727,6,2,Inbound,7231,142
767,8,2,Inbound,7441,109
1788,48,1,Inbound,3011,9
122,4,1,Outbound,1332,36
1994,54,1,Inbound,3051,49
422,13,1,Inbound,4051,11
1988,56,1,Inbound,4141,50
155,4,1,Inbound,1261,51
1786,48,1,Inbound,1101,9
483,19,1,Inbound,1241,82
25,1,1,Outbound,1291,45
300,8,1,Inbound,1381,171
334,9,1,Outbound,1492,44
236,7,1,Outbound,1341,58
219,6,1,Inbound,1031,85
912,27,1,Outbound,1312,170
568,26,1,Inbound,1071,26
810,55,2,Inbound,8291,3
547,25,1,Inbound,1091,122
1978,11,1,Inbound,2601,68
350,9,1,Inbound,1271,1
1758,5,1,Outbound,2581,62
191,5,1,Inbound,1472,22
905,23,1,Inbound,1141,41
674,4,2,Inbound,7511,51
575,27,1,Inbound,1061,136
175,5,1,Outbound,2571,91
405,13,1,Outbound,2551,80
874,1,2,Inbound,7421,40
221,6,1,Inbound,1241,85
543,25,1,Inbound,1401,121
490,20,1,Outbound,1281,77
338,9,1,Outbound,2581,44
739,8,2,Outbound,7421,7
824,32,2,Inbound,7251,64
249,7,1,Inbound,1341,96
546,25,1,Inbound,1101,122
298,8,1,Inbound,1221,13
644,2,2,Outbound,7501,43
1990,54,1,Outbound,1201,48
896,23,1,Outbound,4151,154
372,11,1,Outbound,4221,69
185,5,1,Inbound,1061,4
223,6,1,Inbound,1241,120
854,1,2,Outbound,7421,45
518,24,1,Inbound,1041,98
117,4,1,Outbound,1111,36
776,13,2,Outbound,7401,81
462,18,1,Outbound,2561,47
342,9,1,Inbound,1381,1
63,2,1,Outbound,1031,43
460,18,1,Outbound,1271,47
85,2,1,Inbound,1191,38
691,6,2,Outbound,8611,74
795,5,2,Outbound,7511,89
311,8,1,Inbound,1402,132
656,2,2,Inbound,6021,37
1993,54,1,Outbound,4071,48
30,1,1,Inbound,3091,40
362,11,1,Outbound,1511,69
743,8,2,Outbound,7441,7
443,14,1,Inbound,2581,8
24,1,1,Outbound,2631,45
818,19,2,Outbound,7401,2
440,14,1,Inbound,1542,8
802,5,2,Outbound,6051,89
1761,11,1,Outbound,2621,69
601,55,1,Inbound,1191,92
716,14,2,Inbound,8271,8
104,2,1,Inbound,1291,38
165,5,1,Outbound,1211,107
22,1,1,Outbound,4111,45
826,32,2,Inbound,7481,64
813,5,2,Inbound,6011,4
641,2,2,Outbound,8551,43
520,24,1,Inbound,1331,29
786,13,2,Inbound,8381,125
363,11,1,Outbound,1541,69
381,11,1,Inbound,2651,68
138,4,1,Inbound,1301,51
594,29,1,Inbound,1031,18
251,7,1,Inbound,1221,96
1980,45,1,Inbound,2551,129
916,29,1,Inbound,4031,168
1983,8,2,Inbound,8601,109
82,2,1,Inbound,1181,88
38,1,1,Inbound,1161,40
186,5,1,Inbound,1211,4
793,5,2,Outbound,7221,89
90,2,1,Inbound,1211,37
1887,11,1,Inbound,4221,68
327,9,1,Outbound,1381,44
96,2,1,Inbound,1071,37
942,53,2,Outbound,7171,72
815,5,2,Inbound,7221,4
857,1,2,Outbound,7441,45
99,2,1,Inbound,2641,37
146,4,1,Inbound,1081,51
938,53,1,Inbound,1321,70
234,7,1,Outbound,3041,59
154,4,1,Inbound,2581,51
883,1,2,Inbound,7441,40
230,6,1,Inbound,2651,61
505,24,1,Outbound,1391,145
858,1,2,Outbound,7421,45
895,23,1,Outbound,1432,154
132,4,1,Outbound,4141,36
70,2,1,Outbound,2551,43
415,13,1,Inbound,1271,97
852,18,2,Inbound,8601,46
783,13,2,Inbound,7501,125
797,5,2,Outbound,7441,89
635,2,2,Outbound,7211,43
1804,48,1,Inbound,1221,9
163,5,1,Outbound,1531,150
880,1,2,Inbound,8551,40
423,14,1,Outbound,1031,0
671,4,2,Inbound,6031,51
540,25,1,Inbound,1131,121
274,8,1,Outbound,1402,24
203,6,1,Outbound,1241,19
189,5,1,Inbound,1261,4
494,20,1,Inbound,1061,75
801,5,2,Outbound,6011,89
688,6,2,Outbound,7231,74
847,18,2,Outbound,8611,47
904,23,1,Inbound,1131,42
254,7,1,Inbound,1061,96
324,9,1,Outbound,1171,115
562,26,1,Outbound,1452,116
811,5,2,Inbound,7511,4
383,11,1,Inbound,1412,68
23,1,1,Outbound,1362,45
380,11,1,Inbound,1151,68
124,4,1,Outbound,1362,36
46,1,1,Inbound,2661,40
263,8,1,Outbound,3031,157
724,6,2,Inbound,7291,142
612,32,1,Inbound,1101,64
1764,11,1,Inbound,2621,68
218,6,1,Inbound,1111,120
382,11,1,Inbound,1372,68
260,7,1,Inbound,4051,96
558,26,1,Outbound,1281,52
238,7,1,Outbound,1221,58
479,19,1,Outbound,1271,183
116,4,1,Outbound,1021,36
9,1,1,Outbound,1011,45
987,16,1,Outbound,1341,164
247,7,1,Outbound,1261,58
500,21,1,Outbound,1482,130
306,8,1,Inbound,1081,109
305,8,1,Inbound,1171,172
430,14,1,Outbound,1542,0
313,8,1,Inbound,1502,109
228,6,1,Inbound,2591,85
909,23,1,Inbound,1382,42
719,14,2,Inbound,8601,8
250,7,1,Inbound,1051,96
242,7,1,Outbound,1111,58
272,8,1,Outbound,1291,24
526,25,1,Outbound,3101,27
563,26,1,Inbound,1321,156
878,1,2,Inbound,7151,40
542,25,1,Inbound,3081,121
738,8,2,Outbound,7441,7
1808,48,1,Inbound,1081,9
737,8,2,Outbound,7221,7
140,4,1,Inbound,1061,51
705,14,2,Outbound,8271,0
921,43,6,Inbound,5011,133
667,2,2,Inbound,7501,37
513,24,1,Outbound,2551,101
472,19,1,Outbound,1141,2
752,8,2,Inbound,7211,176
756,8,2,Inbound,7151,109
690,6,2,Outbound,8291,74
579,55,1,Outbound,1391,20
519,24,1,Inbound,1441,98
266,8,1,Outbound,1171,158
621,32,1,Outbound,1191,104
569,26,1,Inbound,1281,26
779,11,2,Outbound,7231,69
771,8,2,Inbound,7511,109
56,2,1,Outbound,1191,118
110,4,1,Outbound,3091,36
276,8,1,Outbound,1502,15
78,2,1,Outbound,2661,118
111,4,1,Outbound,1081,36
769,8,2,Inbound,8552,109
861,1,2,Outbound,7541,45
32,1,1,Inbound,1101,40
215,6,1,Inbound,1051,120
316,8,1,Inbound,4171,109
808,55,2,Inbound,7511,3
1790,48,1,Inbound,1461,9
576,27,1,Outbound,4041,138
411,13,1,Inbound,1111,97
585,55,1,Inbound,1261,92
1981,45,1,Inbound,2571,129
708,14,2,Inbound,7431,8
395,13,1,Outbound,3061,79
591,29,1,Outbound,1432,16
1998,56,1,Inbound,2601,50
95,2,1,Inbound,1261,37
364,11,1,Outbound,1301,69
212,6,1,Outbound,2591,117
897,23,1,Outbound,1382,154
662,2,2,Inbound,7401,37
1812,48,1,Inbound,1312,9
653,4,2,Outbound,8611,36
88,2,1,Inbound,1191,37
113,4,1,Outbound,1241,36
61,2,1,Outbound,1231,118
525,25,1,Outbound,1131,27
1979,1,2,Inbound,6011,40
610,32,1,Inbound,1191,66
12,1,1,Outbound,1201,45
785,13,2,Inbound,7401,125
121,4,1,Outbound,1231,36
115,4,1,Outbound,1241,36
768,8,2,Inbound,8551,109
496,20,1,Inbound,2561,134
43,1,1,Inbound,1211,40
229,6,1,Inbound,2611,61
555,26,1,Outbound,1431,53
508,24,1,Outbound,1441,99
399,13,1,Outbound,1171,81
514,24,1,Outbound,1502,101
474,19,1,Outbound,1121,184
796,11,2,Inbound,7401,68
865,1,2,Outbound,8551,45
1818,48,1,Inbound,1452,9
899,23,1,Outbound,1532,155
989,24,1,Outbound,3071,145
792,55,2,Outbound,8291,90
997,7,1,Inbound,1522,124
384,11,1,Inbound,1342,68
237,7,1,Outbound,1051,59
217,6,1,Inbound,1491,85
198,6,1,Outbound,1111,108
408,13,1,Inbound,1041,84
17,1,1,Outbound,2661,45
702,14,2,Outbound,8601,0
822,32,2,Inbound,7171,64
42,1,1,Inbound,1041,40
611,32,1,Inbound,1231,64
713,14,2,Inbound,7541,8
755,8,2,Inbound,7401,109
608,32,1,Inbound,1531,181
753,8,2,Inbound,7401,176
812,5,2,Inbound,7441,4
536,25,1,Outbound,4201,160
414,13,1,Inbound,1151,125
273,8,1,Outbound,1251,24
509,24,1,Outbound,1331,99
789,55,2,Outbound,7531,90
258,7,1,Inbound,1352,96
197,6,1,Outbound,1051,21
605,55,1,Inbound,2631,92
675,4,2,Inbound,7381,51
385,11,1,Inbound,4131,68
126,4,1,Outbound,2581,36
924,45,1,Outbound,2551,128
371,11,1,Outbound,4131,69
6,1,1,Outbound,1421,45
816,5,2,Inbound,7251,4
256,7,1,Inbound,1332,96
925,45,1,Outbound,2571,128
352,9,1,Inbound,1352,1
420,13,1,Inbound,4191,11
66,2,1,Outbound,1111,43
190,5,1,Inbound,1422,23
333,9,1,Outbound,2621,44
807,55,2,Inbound,7531,3
711,14,2,Inbound,7541,8
993,6,1,Outbound,2591,19
59,2,1,Outbound,1211,118
556,26,1,Outbound,1151,55
373,11,1,Inbound,3011,68
773,11,2,Outbound,7531,69
353,9,1,Inbound,2581,1
528,25,1,Outbound,1401,27
712,14,2,Inbound,6091,8
827,32,2,Outbound,7171,12
586,55,1,Inbound,1181,92
746,8,2,Outbound,8551,7
159,5,1,Outbound,1151,107
103,2,1,Inbound,1362,37
725,6,2,Inbound,7531,142
5,1,1,Outbound,1181,45
498,21,1,Inbound,1351,127
119,4,1,Outbound,1191,36
7,1,1,Outbound,1011,45
679,6,2,Outbound,7151,74
533,25,1,Outbound,1271,161
150,4,1,Inbound,1362,51
402,13,1,Outbound,2641,80
128,4,1,Outbound,2581,36
14,1,1,Outbound,1211,45
774,13,2,Outbound,7501,81
829,32,2,Outbound,7171,12
433,14,1,Outbound,2581,0
604,55,1,Inbound,4231,180
658,2,2,Inbound,7381,37
37,1,1,Inbound,1011,40
501,22,1,Inbound,1011,146
686,6,2,Outbound,7231,74
231,6,1,Inbound,2591,61
732,8,2,Outbound,7211,7
655,4,2,Outbound,7531,36
763,8,2,Inbound,7421,109
310,8,1,Inbound,1251,132
666,2,2,Inbound,6051,37
581,55,1,Outbound,1181,20
867,1,2,Outbound,7441,45
467,18,1,Inbound,1271,46
931,19,2,Outbound,7501,2
478,19,1,Outbound,1402,2
1986,56,1,Outbound,2601,173
294,8,1,Inbound,1101,14
341,9,1,Inbound,1221,1
149,4,1,Inbound,1271,51
376,11,1,Inbound,1511,68
368,11,1,Outbound,1372,69
580,55,1,Outbound,1261,20
328,9,1,Outbound,1181,44
584,55,1,Inbound,1491,92
893,23,1,Outbound,1131,153
940,53,1,Inbound,1462,71
418,13,1,Inbound,2621,97
659,2,2,Inbound,7511,37
709,14,2,Inbound,7481,8
603,55,1,Inbound,4211,141
701,14,2,Outbound,7541,0
75,2,1,Outbound,1291,118
908,23,1,Inbound,4151,42
1787,48,1,Outbound,3011,10
347,9,1,Inbound,2571,1
309,8,1,Inbound,1291,132
336,9,1,Outbound,2591,44
782,11,2,Outbound,8271,69
491,20,1,Outbound,2561,77
284,8,1,Outbound,4211,15
464,18,1,Outbound,2672,47
1991,54,1,Outbound,1471,48
257,7,1,Inbound,2561,96
1817,48,1,Outbound,1452,10
446,16,1,Inbound,1161,34
1823,48,1,Outbound,1542,10
941,53,1,Inbound,2631,70
74,2,1,Outbound,1362,43
983,1,1,Outbound,1081,45
488,19,1,Inbound,1402,182
890,23,1,Outbound,1441,151
729,6,2,Inbound,8291,142
222,6,1,Inbound,1031,61
707,14,2,Inbound,7171,8
200,6,1,Outbound,1131,19
210,6,1,Outbound,2651,117
79,2,1,Outbound,2671,118
720,6,2,Inbound,7151,142
741,8,2,Outbound,7251,7
642,2,2,Outbound,7531,43
171,5,1,Outbound,4111,91
670,2,2,Inbound,7501,37
133,4,1,Outbound,4081,36
668,2,2,Inbound,8291,37
302,8,1,Inbound,1541,13
560,26,1,Outbound,1312,55
379,11,1,Inbound,1121,68
307,8,1,Inbound,1051,132
444,14,1,Inbound,2611,8
749,8,2,Outbound,7151,7
717,14,2,Inbound,8271,8
699,14,2,Outbound,7541,0
600,55,1,Outbound,2631,110
728,6,2,Inbound,7231,142
181,5,1,Inbound,1021,22
